+------------------------------------------------------------------------------------------------------------------------------------------------------------------------------------------------------------------------------+
; Legal Partition Candidates                                                                                                                                                                                                   ;
+-------------------------+-------+----------------+--------------+----------------+--------+-----------------+---------------+-----------------+-------+----------------+--------------+------------------+-------------------+
; Hierarchy               ; Input ; Constant Input ; Unused Input ; Floating Input ; Output ; Constant Output ; Unused Output ; Floating Output ; Bidir ; Constant Bidir ; Unused Bidir ; Input only Bidir ; Output only Bidir ;
+-------------------------+-------+----------------+--------------+----------------+--------+-----------------+---------------+-----------------+-------+----------------+--------------+------------------+-------------------+
; Rp                      ; 14    ; 3              ; 0            ; 3              ; 5      ; 3               ; 3             ; 3               ; 0     ; 0              ; 0            ; 0                ; 0                 ;
; Wp                      ; 10    ; 3              ; 0            ; 3              ; 3      ; 3               ; 3             ; 3               ; 0     ; 0              ; 0            ; 0                ; 0                 ;
; PC_rom                  ; 68    ; 33             ; 0            ; 33             ; 32     ; 33              ; 33            ; 33              ; 0     ; 0              ; 0            ; 0                ; 0                 ;
; PC                      ; 68    ; 33             ; 0            ; 33             ; 32     ; 33              ; 33            ; 33              ; 0     ; 0              ; 0            ; 0                ; 0                 ;
; IFQ_Block|Ins[3].R      ; 260   ; 128            ; 0            ; 128            ; 128    ; 128             ; 128           ; 128             ; 0     ; 0              ; 0            ; 0                ; 0                 ;
; IFQ_Block|Ins[2].R      ; 260   ; 128            ; 0            ; 128            ; 128    ; 128             ; 128           ; 128             ; 0     ; 0              ; 0            ; 0                ; 0                 ;
; IFQ_Block|Ins[1].R      ; 260   ; 128            ; 0            ; 128            ; 128    ; 128             ; 128           ; 128             ; 0     ; 0              ; 0            ; 0                ; 0                 ;
; IFQ_Block|Ins[0].R      ; 260   ; 128            ; 0            ; 128            ; 128    ; 128             ; 128           ; 128             ; 0     ; 0              ; 0            ; 0                ; 0                 ;
; IFQ_Block               ; 136   ; 0              ; 0            ; 0              ; 128    ; 0               ; 0             ; 0               ; 0     ; 0              ; 0            ; 0                ; 0                 ;
; I_Cache|Instruction_ROM ; 33    ; 0              ; 25           ; 0              ; 128    ; 0               ; 0             ; 0               ; 0     ; 0              ; 0            ; 0                ; 0                 ;
; I_Cache                 ; 34    ; 1              ; 0            ; 1              ; 129    ; 1               ; 1             ; 1               ; 0     ; 0              ; 0            ; 0                ; 0                 ;
+-------------------------+-------+----------------+--------------+----------------+--------+-----------------+---------------+-----------------+-------+----------------+--------------+------------------+-------------------+
